0.000495843663199
0.00243410308608
0.00528558881584
0.00573547904047
0.004524174135
0.00228695549803
0.00238789917161
0.00323004518527
0.00222958631866
0.00317822782071
0.00173533966447
0.00376613661305
0.00378462246181
0.00588925309253
0.00302654082418
0.00393328721713
0.00224428826577
0.00421789371196
0.00248491674318
0.00189632224648
0.00318888449236
0.0030784364978
0.00177718700333
0.00380352673951
0.00488954254863
0.00476378962274
0.00264858451292
0.0019240699675
0.00126138176067
0.00399727344552
0.00340645804554
0.00450102563875
0.00458414111864
0.00611911775451
0.00711910642317
0.00844121619006
0.00529485493579
0.00764645542746
0.00729860074395
0.00580368087839
0.00588466714478
0.00538129093737
0.00739328462819
0.00850597640802
0.00815706754955
0.00436678945844
0.0049598487201
0.00503322601979
0.00446257149269
0.00602821811167
0.00550050906683
0.00664466571077
0.00518826284553
0.00527783336314
0.00494542655205
0.00472846946654
0.00326992351848
0.00456122944446
0.00677125102935
0.00568282323297
0.00518553175083
0.00280830336968
0.00516392367578
0.00639491192941
0.00521468067879
0.00626159627746
0.00519570381358
0.00483073265488
0.00468051479745
0.00633077473262
0.00510683573362
0.00532184995982
0.00688530896719
0.00502185102643
0.00668939248951
0.0081764402292
0.00777333758727
0.00488589492923
0.00276573351493
0.00193432648671
0.003172049154
0.00416800737314
0.00641461658755
0.00717967505396
0.00736175627118
0.00406477372972
0.00545996936333
0.00601402330001
0.00334096526421
0.00219294746844
0.00254340142571
0.00133998174637
0.0042614420871
0.00557744838355
0.00337339351438
0.00512889916413
0.00511270420416
0.0027160019328
0.00336570075811
0.00362985067343
0.00617439891371
0.00669857818294
0.00732421889606
0.0038795981954
0.00442214078754
0.00230231388348
0.00182195305569
0.0020865580386
0.00375711134051
0.00215894910833
0.00385203510402
0.0026337782692
0.0020792814837
0.00284583960927
0.00164513091565
0.00174585920976
0.00458884016408
0.00531159598279
0.00480523820625
0.00401983400904
0.00220011515217
0.00450829180604
0.00318269780099
0.00630811142888
0.00656639821592
0.00751169800161
0.00671419579344
0.00626709551184
0.00685668014456
0.00534112518544
0.007414543845
0.00607490866855
0.00772622041836
0.00440241728038
0.00361849500877
0.0022376301878
0.00580760524671
0.00620668404741
0.00708696792861
0.0058412562716
0.00658843091504
0.00475738329942
0.00516943664433
0.005905469436
0.00537719365355
0.00512081394723
0.00654485870168
0.00338880402798
0.00442979452389
0.00287897852975
0.00411276989149
0.0053590839096
0.00583798037435
0.00334853465861
0.00425657750851
0.00515985136927
0.00285222985275
0.00551286979227
0.00714614971854
0.00456850783958
0.00529527569835
0.00336151531875
0.0060773881859
0.00334790073684
0.00245159471704
0.00204675293302
0.00398169073084
0.00378062072081
0.00208193176325
0.00178341992446
0.00361097836374
0.00292918150902
0.00314718292467
0.00631105980331
0.00593395216646
0.00486386144941
0.00304877756722
0.00597759994527
0.00648250895596
0.00343679716502
0.00615581087346
0.00776459335448
0.00458805817916
0.00570217511221
0.00458896535331
0.0056971283088
0.00585757211668
0.00791692493733
0.00538311408302
0.00600450988463
0.00419210071098
0.00607786971233
0.00560450476068
0.00469595441742
0.00724646937093
0.00574084057018
0.0034806652116
0.0036896878222
0.00525572069174
0.00442568448109
0.00406645177973
0.00326232114408
0.00434854945188
0.00642730033157
0.00451502961659
0.00528588728616
0.00669733647205
0.00573435559021
0.00658682188451
0.00688873305014
0.00378921954251
0.00221558857365
0.004398504115
0.00716278858548
0.0055514547376
0.00425969906958
0.00674389651581
0.00588912743324
0.00465465855375
0.00524253913612
0.00510809660092
0.00581221454735
0.00711343979777
0.00622938023022
0.00801781028936
0.00849234120643
0.00572396596931
0.00610193982201
0.00576042449904
0.00344482026893
0.00233690793245
0.00128957796059
0.00262227835182
0.00544584690637
0.00370416035432
0.0021711428535
0.0046050675037
0.00278521751997
0.00580664150432
0.00688349337694
0.00696384894372
0.00619245634955
0.0056548505277
0.00527608046524
0.00351029097065
0.00342752117305
0.00369377480434
0.00438741487727
0.00485526336679
0.00730548684224
0.00602502959218
0.00651562822182
0.00484615722786
0.00687572218915
0.00826033647034
0.00770350517899
0.00392145973395
0.00323938754756
0.00606029736128
0.00673029286026
0.00670286601209
0.00584625865206
0.00309560951484
0.00595081696619
0.00457142063545
0.00521521820554
0.00442389153721
0.002888239519
0.00370645794123
0.00383311623637
0.00277057784514
0.00363384162845
0.00258507060326
0.00576503526802
0.00394896849322
0.00686002975318
0.0061464720496
0.00512692977557
0.00437954598329
0.00336345539588
0.00237948251747
0.00271213709993
0.00215341417456
0.00146802809169
0.000734014045846
0.000353257022923
0.000121628511461
-6.29357442693e-05
-0.000251467872135
-0.000469483936067
-0.000729741968034
-0.00103862098402
-0.00139931049201
-0.001813405246
-0.002281702623
-0.0028046013115
-0.00338230065575
-0.00401490032788
-0.00470245016394
-0.00544497508197
-0.00624248754098
-0.00709499377049
-0.00800249688525
-0.00896499844262
-0.00998249922131
-0.0110549996107
-0.0121824998053
-0.0133649999027
-0.0146024999513
-0.0158949999757
-0.0172424999878
-0.0186449999939
-0.020102499997
-0.0216149999985
-0.0231824999992
-0.0248049999996
-0.0264824999998
-0.0282149999999
-0.0300025
-0.031845
-0.0337425
-0.035695
-0.0377025
-0.039765
-0.0418825
-0.044055
-0.0462825
-0.048565
-0.0509025
-0.053295
-0.0557425
-0.058245
-0.0608025
-0.063415
-0.0660825
-0.068805
-0.0715825
-0.074415
-0.0773025
-0.080245
-0.0832425
-0.086295
-0.0894025
-0.092565
-0.0957825
-0.099055
-0.1023825
-0.105765
-0.1092025
-0.112695
-0.1162425
-0.119845
-0.1235025
-0.127215
-0.1309825
-0.134805
-0.1386825
-0.142615
-0.1466025
-0.150645
-0.1547425
-0.158895
-0.1631025
-0.167365
-0.1716825
-0.176055
-0.1804825
-0.184965
-0.1895025
-0.194095
-0.1987425
-0.203445
-0.2082025
-0.213015
-0.2178825
-0.222805
-0.2277825
-0.232815
-0.2379025
-0.243045
-0.2482425
-0.253495
-0.2588025
-0.264165
-0.2695825
-0.2750275
-0.28045875
-0.285855625
-0.2912078125
-0.29651015625
-0.301760078125
-0.306956289062
-0.312098144531
-0.317185322266
-0.322217661133
-0.327195080566
-0.332117540283
-0.336985020142
-0.341797510071
-0.346555005035
-0.351257502518
-0.355905001259
-0.360497500629
-0.365035000315
-0.369517500157
-0.373945000079
-0.378317500039
-0.38263500002
-0.38689750001
-0.391105000005
-0.395257500002
-0.399355000001
-0.403397500001
-0.407385
-0.4113175
-0.415195
-0.4190175
-0.422785
-0.4264975
-0.430155
-0.4337575
-0.437305
-0.4407975
-0.444235
-0.4476175
-0.450945
-0.4542175
-0.457435
-0.4605975
-0.463705
-0.4667575
-0.469755
-0.4726975
-0.475585
-0.4784175
-0.481195
-0.4839175
-0.486585
-0.4891975
-0.491755
-0.4942575
-0.496705
-0.4990975
-0.501435
-0.5037175
-0.505945
-0.5081175
-0.510235
-0.5122975
-0.514305
-0.5162575
-0.518155
-0.5199975
-0.521785
-0.5235175
-0.525195
-0.5268175
-0.528385
-0.5298975
-0.531355
-0.5327575
-0.534105
-0.5353975
-0.536635
-0.5378175
-0.538945
-0.5400175
-0.541035
-0.5419975
-0.542905
-0.5437575
-0.544555
-0.5452975
-0.545985
-0.5466175
-0.547195
-0.5477175
-0.548185
-0.5485975
-0.548955
-0.5492575
-0.549505
-0.5496975
-0.549835
-0.546297081616
-0.55069251649
-0.548226476203
-0.542752015733
-0.545185656043
-0.542915355701
-0.552972853892
-0.555647348821
-0.550242039909
-0.556818848955
-0.549171432043
-0.548576074446
-0.546359127015
-0.546488932499
-0.549679493901
-0.548492526299
-0.546355328541
-0.553127993836
-0.547442943052
-0.547021070998
-0.554345596295
-0.55340990099
-0.554072940446
-0.544906637897
-0.546552385648
-0.544146739028
-0.549966093737
-0.542754927688
-0.54201112273
-0.53969462451
-0.547732298947
-0.541950187429
-0.539532251802
-0.53741893474
-0.539508051822
-0.547339648794
-0.54152403786
-0.544690433952
-0.541781788839
-0.541235096746
-0.541736003313
-0.546256980002
-0.546695674747
-0.542456702504
-0.552563226589
-0.553147355334
-0.550048818208
-0.542955826079
-0.553561337208
-0.557976438878
-0.556767666501
-0.547528741549
-0.543631935956
-0.544217419807
-0.548745174432
-0.548673498101
-0.551737027669
-0.544351426802
-0.543721212558
-0.554025689737
-0.556262887265
-0.554833793264
-0.550625654027
-0.553017629899
-0.556216256652
-0.554515022558
-0.545227891699
-0.55134828009
-0.553729976197
-0.557943327283
-0.555853519368
-0.556569180579
-0.550103522065
-0.544544112161
-0.551739161053
-0.557083065279
-0.559662965833
-0.559244524071
-0.548004646817
-0.54628174448
-0.553029580704
-0.556576219329
-0.549082270438
-0.550887054022
-0.548001741086
-0.544916378861
-0.550490516934
-0.55053726198
-0.543813464513
-0.541011504066
-0.542223371942
-0.553393241251
-0.546119362625
-0.547744002346
-0.550518833792
-0.548073499964
-0.548817766117
-0.552309677451
-0.544679686264
-0.551842656794
-0.556166470594
-0.554236688587
-0.557183763127
-0.555149804762
-0.557805603231
-0.550547745674
-0.556195362409
-0.557259256481
-0.549817393616
-0.555155013468
-0.548362956241
-0.547577566586
-0.542589499273
-0.544355578594
-0.5424249688
-0.552475834232
-0.551048010261
-0.543130327769
-0.541980314619
-0.542624230268
-0.547146188579
-0.554307886893
-0.558509086532
-0.557080225672
-0.555681900048
-0.550286277774
-0.553832720774
-0.559110665939
-0.555631888735
-0.547886165548
-0.546670792033
-0.552401909877
-0.54437052107
-0.543416507181
-0.545027583569
-0.549852824292
-0.547876514895
-0.551565471186
-0.545905095163
-0.541486522399
-0.542286185231
-0.539333820041
-0.552027062488
-0.55027488876
-0.555108955284
-0.552252993861
-0.553397342952
-0.557132226634
-0.557752113245
-0.554702196164
-0.546822642508
-0.54644052188
-0.551376600672
-0.546607014586
-0.544043807015
-0.551106682784
-0.551011123798
-0.550497922774
-0.544567939314
-0.542883290519
-0.543833826695
-0.541912211697
-0.548567321287
-0.55591878722
-0.554508711698
-0.552762458042
-0.556819300693
-0.557256316739
-0.559720478752
-0.551028393401
-0.556355786713
-0.545882887919
-0.543345234769
-0.546012336727
-0.552238739688
-0.558007245535
-0.55386360411
-0.557640649575
-0.550353696018
-0.550266518375
-0.542879665431
-0.540739226404
-0.548225747706
-0.553649638031
-0.550518695651
-0.546583313196
-0.541306424005
-0.540359618853
-0.548787520855
-0.554881420977
-0.546508435857
-0.549386667651
-0.552179793973
-0.546909474064
-0.54499351953
-0.55441529286
-0.557484281723
-0.550121722478
-0.550047111239
-0.549968555619
-0.54986052781
-0.549710263905
-0.549511381952
-0.549260690976
-0.548956595488
-0.548598297744
-0.548185398872
-0.547717699436
-0.547195099718
-0.546617549859
-0.54598502493
-0.545297512465
-0.544555006232
-0.543757503116
-0.542905001558
-0.541997500779
-0.54103500039
-0.540017500195
-0.538945000097
-0.537817500049
-0.536635000024
-0.535397500012
-0.534105000006
-0.532757500003
-0.531355000002
-0.529897500001
-0.528385
-0.5268175
-0.525195
-0.5235175
-0.521785
-0.5199975
-0.518155
-0.5162575
-0.514305
-0.5122975
-0.510235
-0.5081175
-0.505945
-0.5037175
-0.501435
-0.4990975
-0.496705
-0.4942575
-0.491755
-0.4891975
-0.486585
-0.4839175
-0.481195
-0.4784175
-0.475585
-0.4726975
-0.469755
-0.4667575
-0.463705
-0.4605975
-0.457435
-0.4542175
-0.450945
-0.4476175
-0.444235
-0.4407975
-0.437305
-0.4337575
-0.430155
-0.4264975
-0.422785
-0.4190175
-0.415195
-0.4113175
-0.407385
-0.4033975
-0.399355
-0.3952575
-0.391105
-0.3868975
-0.382635
-0.3783175
-0.373945
-0.3695175
-0.365035
-0.3604975
-0.355905
-0.3512575
-0.346555
-0.3417975
-0.336985
-0.3321175
-0.327195
-0.3222175
-0.317185
-0.3120975
-0.306955
-0.3017575
-0.296505
-0.2911975
-0.285835
-0.2804175
-0.2749725
-0.26954125
-0.264144375
-0.2587921875
-0.25348984375
-0.248239921875
-0.243043710938
-0.237901855469
-0.232814677734
-0.227782338867
-0.222804919434
-0.217882459717
-0.213014979858
-0.208202489929
-0.203444994965
-0.198742497482
-0.194094998741
-0.189502499371
-0.184964999685
-0.180482499843
-0.176054999921
-0.171682499961
-0.16736499998
-0.16310249999
-0.158894999995
-0.154742499998
-0.150644999999
-0.146602499999
-0.142615
-0.1386825
-0.134805
-0.1309825
-0.127215
-0.1235025
-0.119845
-0.1162425
-0.112695
-0.1092025
-0.105765
-0.1023825
-0.099055
-0.0957825
-0.092565
-0.0894025
-0.086295
-0.0832425
-0.080245
-0.0773025
-0.074415
-0.0715825
-0.068805
-0.0660825
-0.063415
-0.0608025
-0.058245
-0.0557425
-0.053295
-0.0509025
-0.048565
-0.0462825
-0.044055
-0.0418825
-0.039765
-0.0377025
-0.035695
-0.0337425
-0.031845
-0.0300025
-0.028215
-0.0264825
-0.024805
-0.0231825
-0.021615
-0.0201025
-0.018645
-0.0172425
-0.015895
-0.0146025
-0.013365
-0.0121825
-0.011055
-0.0099825
-0.008965
-0.0080025
-0.007095
-0.0062425
-0.005445
-0.0047025
-0.004015
-0.0033825
-0.002805
-0.0022825
-0.001815
-0.0014025
-0.001045
-0.0007425
-0.000495
-0.0003025
0.00294988637881
0.00337005046988
0.00399492107772
0.00310997051409
0.00577580232086
0.00629027056787
0.00697312253529
0.00481035757537
0.00684256604627
0.00782074019194
0.00446346732309
0.00305280183779
0.00354106567909
0.00240498301951
0.00331255203382
0.00464443650917
0.00556349222317
0.0044184401517
0.00294608959812
0.00180752047899
0.00399531212295
0.00278984309289
0.0015748838111
0.00150127890896
0.00408598618489
0.00547687224862
0.0030976291756
0.00171839722342
0.00275936452805
0.00393418855703
0.00319022762853
0.00620903535822
0.00586461200992
0.00592315043831
0.00642158966401
0.0076596039431
0.00491688837889
0.00442232241869
0.00334288941417
0.00655780660677
0.00579898001772
0.00402551904462
0.00311118037176
0.00491265799722
0.00707695759038
0.0080249346038
0.00568327150688
0.00307632772439
0.00406869599198
0.0060565844649
0.0055363164791
0.007197389536
0.00505647881093
0.00447601129223
0.00486457296468
0.00282586359933
0.0063872617041
0.00673485235414
0.00797254791309
0.00549207868633
0.00459278392275
0.00678196708576
0.00389064209105
0.0048275534364
0.00500086510002
0.00663200490919
0.00651264300914
0.00558120454466
0.00462029618275
0.00611731002116
0.00438078906273
0.00441469668939
0.00605575217731
0.00407573184666
0.00590541692849
0.0073828649186
0.00474618415946
0.0043913952419
0.00483034154142
0.0055695210684
0.00362951378976
0.00518443281941
0.00301725912532
0.00214744608419
0.00332560665695
0.00455894269135
0.00607739879878
0.00627151931799
0.00532705844942
0.00501500269882
0.00509386669432
0.00686511707467
0.00560808039006
0.00388302123078
0.00225583421817
0.00204212470766
0.00120056866731
0.000736346944634
0.0044829760065
0.00467692030392
0.00293238094545
0.00311030617941
0.00314413926099
0.00254331870291
0.00180783636851
0.00346239284186
0.00176901856489
0.00293389558045
0.00281953224126
0.00230364330084
0.00497494740763
0.00325921115193
0.00616992875332
0.00399746237522
0.00498954192715
0.00387572166472
0.00352063695881
0.00275633745764
0.00432050103124
0.00219434872035
0.00218043312639
0.00427682206776
0.00572870520875
0.00321735981448
0.00451639725271
0.00285128414827
0.00197819134258
0.00596194170879
0.00588298954018
0.0053804516924
0.00519468443744
0.00652296879958
0.00718568222352
0.00840612926481
0.00818492934494
0.00442800885176
0.0068997345291
0.00636752372262
0.00810955547048
0.00544335552402
0.00493197505455
0.00283505983588
0.00297757279696
0.00312008575805
